9.978910579027769900e-01 5.911661982536315918e-01
9.991077983286147379e-01 6.440147161483764648e-01
9.973335687366738922e-01 5.737856030464172363e-01
9.995743965901208172e-01 7.445132732391357422e-01
9.976840434994419526e-01 5.843266844749450684e-01
9.997223662725387427e-01 6.185127496719360352e-01
9.945083551176805425e-01 5.292885303497314453e-01
1.000000000000000000e+00 1.000000000000000000e+00
9.996690671308948728e-01 6.104622483253479004e-01
9.988438014127415387e-01 7.469065785408020020e-01
9.987462337265438084e-01 6.309897899627685547e-01
9.996952224812221122e-01 7.708924412727355957e-01
9.997973743137957836e-01 6.278911232948303223e-01
9.948893665327246394e-01 5.771797299385070801e-01
9.954331426350566669e-01 5.356822013854980469e-01
9.980300237162903487e-01 6.070745587348937988e-01
9.982229915844559320e-01 5.156078934669494629e-01
9.983608824139063032e-01 6.214997172355651855e-01
9.983628799970656331e-01 6.243577599525451660e-01
9.996532939007601870e-01 7.281711697578430176e-01
9.970105817293352102e-01 5.309894680976867676e-01
9.991346147919679677e-01 7.427999973297119141e-01
9.999505932771490802e-01 6.080926656723022461e-01
9.992925161113122012e-01 7.247613668441772461e-01
9.989535465808423442e-01 6.951201558113098145e-01
9.993078119383028701e-01 7.420680522918701172e-01
9.941135366732253287e-01 5.673637986183166504e-01
9.986686723227410356e-01 5.513107180595397949e-01
9.990419063726514448e-01 5.176531076431274414e-01
9.995738892023101618e-01 7.655711770057678223e-01
9.974572806276089665e-01 5.276994109153747559e-01
9.996521381234763082e-01 7.082529664039611816e-01
9.980298183508099497e-01 7.260140776634216309e-01
9.953279895656443887e-01 6.124180555343627930e-01
9.986415456659230028e-01 5.455495119094848633e-01
9.999311502674154140e-01 8.140301704406738281e-01
9.988443546842152854e-01 6.062842011451721191e-01
9.994750196696770006e-01 6.519188284873962402e-01
9.995971661811099418e-01 4.768251180648803711e-01
9.995982290564815465e-01 6.808365583419799805e-01
9.981803353679916668e-01 4.376313090324401855e-01
9.995620554802557844e-01 4.680996239185333252e-01
9.973205675208308696e-01 6.524257659912109375e-01
9.998898089449190785e-01 4.215481877326965332e-01
9.981876948117714976e-01 7.141435742378234863e-01
9.997863676364514562e-01 9.393134117126464844e-01
9.987209989164396173e-01 5.761068463325500488e-01
9.956643268842904071e-01 6.556945443153381348e-01
9.976516800521937345e-01 6.866561174392700195e-01
9.992485999720465140e-01 5.562454462051391602e-01
9.979246196906662592e-01 5.210438370704650879e-01
9.975977334641674688e-01 7.234592437744140625e-01
9.973777084136432602e-01 4.611123204231262207e-01
9.998011874951322486e-01 9.726077914237976074e-01
9.938673979062960795e-01 3.889564573764801025e-01
9.938932347231559383e-01 3.948288857936859131e-01
9.965572324317509834e-01 4.109817445278167725e-01
9.999680304380776930e-01 9.155852198600769043e-01
9.979989786272994712e-01 5.543216466903686523e-01
9.998796781871095440e-01 9.235265851020812988e-01
9.992558631016149606e-01 7.895893454551696777e-01
9.975445325850252898e-01 6.498979926109313965e-01
9.996653480927630842e-01 6.647578477859497070e-01
9.986249827179168870e-01 6.289145946502685547e-01
9.993212770580908177e-01 7.261992096900939941e-01
9.947786801906393084e-01 4.813321828842163086e-01
9.981859281298804953e-01 7.369488477706909180e-01
9.976989208777882201e-01 5.254599452018737793e-01
9.993908490283206492e-01 7.841454148292541504e-01
9.992868379944959134e-01 7.112572193145751953e-01
9.995138391065538919e-01 5.796511173248291016e-01
9.988048690478799063e-01 7.569962143898010254e-01
9.996030942554957610e-01 3.959472179412841797e-01
9.994876789173833265e-01 5.026293396949768066e-01
9.995654412344767703e-01 5.787667632102966309e-01
9.999576294205962945e-01 8.751563429832458496e-01
9.980486021981588296e-01 7.029926776885986328e-01
9.953898293014644683e-01 5.969037413597106934e-01
9.973037134310659413e-01 5.596592426300048828e-01
9.997115311384399128e-01 5.407518148422241211e-01
9.973527293429034213e-01 8.394091725349426270e-01
9.987144114326119704e-01 3.715114295482635498e-01
9.982951290507772191e-01 6.829342246055603027e-01
9.997995687652235786e-01 6.604725122451782227e-01
9.951153309619372722e-01 6.954944133758544922e-01
9.998393500493696351e-01 7.117118239402770996e-01
9.967247084424339931e-01 4.850309193134307861e-01
9.993783117558071583e-01 6.204222440719604492e-01
9.978522244581539136e-01 6.249966621398925781e-01
9.985501450829523673e-01 5.753554105758666992e-01
9.998582407791882787e-01 9.695312380790710449e-01
9.981173247634799184e-01 6.471527814865112305e-01
9.989019926166505803e-01 7.606072425842285156e-01
9.989924037559150261e-01 7.354995012283325195e-01
9.899440907675246537e-01 3.981443941593170166e-01
9.957498426332564989e-01 6.292411088943481445e-01
1.000000000000000000e+00 1.000000000000000000e+00
9.994691746091023399e-01 6.526811122894287109e-01
9.982855005612278898e-01 4.505684673786163330e-01
9.998310609684100125e-01 7.946616411209106445e-01
9.990345859431044584e-01 7.618136405944824219e-01
9.992969476032447229e-01 7.511290311813354492e-01
9.988195987015061617e-01 7.191864252090454102e-01
9.996908710751871707e-01 4.453875124454498291e-01
9.944857622658940244e-01 5.105751752853393555e-01
9.980392215511009191e-01 7.576158046722412109e-01
9.981851035142484951e-01 5.723248720169067383e-01
9.985576330850550741e-01 8.040924668312072754e-01
9.982490259191995063e-01 5.896180868148803711e-01
9.993781034150035492e-01 6.543375849723815918e-01
9.991872680887250446e-01 7.327607870101928711e-01
9.970817230823246780e-01 6.366838216781616211e-01
9.995338122732514430e-01 7.624499797821044922e-01
9.993480986629272866e-01 4.294682443141937256e-01
9.998320643717301115e-01 6.665078997611999512e-01
9.993389018674163626e-01 5.355518460273742676e-01
9.991492363232811202e-01 6.773225069046020508e-01
9.977037950965511603e-01 5.255205631256103516e-01
9.984383110328061139e-01 6.180768609046936035e-01
9.990897720465935494e-01 5.624790787696838379e-01
9.986324463049475186e-01 6.216655373573303223e-01
9.995481214137896808e-01 8.174494504928588867e-01
9.997169154324538898e-01 5.893979668617248535e-01
9.992304105193803299e-01 6.317950487136840820e-01
9.996677954338687444e-01 3.908873200416564941e-01
9.993068830555243975e-01 5.474815368652343750e-01
9.979640864649933496e-01 6.757096052169799805e-01
9.990018338618043003e-01 6.185378432273864746e-01
9.977385201180596352e-01 3.756889700889587402e-01
9.988723844571635313e-01 6.836557388305664062e-01
9.995465085329150456e-01 6.728581786155700684e-01
9.971690778635375896e-01 5.413337349891662598e-01
9.990808046982294632e-01 7.110891342163085938e-01
9.977010357359217263e-01 3.288235068321228027e-01
9.960484305169972075e-01 7.161214351654052734e-01
9.989563118418333110e-01 3.155542016029357910e-01
9.991066756111668390e-01 7.392289042472839355e-01
9.988134841404811004e-01 6.066252589225769043e-01
9.994309416478748265e-01 6.999943852424621582e-01
9.979032606880762213e-01 7.606308460235595703e-01
9.992433535640740105e-01 5.886958241462707520e-01
9.998045078613918557e-01 7.899900078773498535e-01
9.973122326842891461e-01 5.841026902198791504e-01
9.961603508792371553e-01 6.013039946556091309e-01
9.987842168128147069e-01 5.070677995681762695e-01
9.983416342217404926e-01 6.313512921333312988e-01
9.991830684409145347e-01 5.813830494880676270e-01
9.997910375622161006e-01 7.116228342056274414e-01
9.953811730598015606e-01 5.772449374198913574e-01
9.998641508626000540e-01 7.779017090797424316e-01
9.990979016802741253e-01 6.211842298507690430e-01
9.987039920857295749e-01 6.680012345314025879e-01
9.988677350395276378e-01 6.784443259239196777e-01
9.998267824598805475e-01 9.471626281738281250e-01
9.994405821650873545e-01 6.361679434776306152e-01
9.992416361692220139e-01 7.515634894371032715e-01
9.970403310217570425e-01 3.536585569381713867e-01
9.994052764380053633e-01 8.684182167053222656e-01
9.998475545074756443e-01 6.931012272834777832e-01
9.998197626703828611e-01 6.451508402824401855e-01
9.999355209522129417e-01 8.323293924331665039e-01
9.977278215406517603e-01 7.910156250000000000e-01
9.997889404553935710e-01 9.595885872840881348e-01
9.992949063256686415e-01 4.622443318367004395e-01
9.994663173257858357e-01 7.956603765487670898e-01
9.994162115682624359e-01 5.941560268402099609e-01
9.981371740950093496e-01 6.961901783943176270e-01
9.989716502339611726e-01 7.291980385780334473e-01
9.999042299263652955e-01 8.225016593933105469e-01
9.975790228830856421e-01 5.132247805595397949e-01
9.987038572157587168e-01 6.105529069900512695e-01
9.995928490140896239e-01 5.178041458129882812e-01
9.967004848556713092e-01 5.507363677024841309e-01
9.995778168809480446e-01 9.669477343559265137e-01
9.977469840666833845e-01 6.389249563217163086e-01
9.997529145435504194e-01 6.199867129325866699e-01
9.985977471596689803e-01 5.861890912055969238e-01
9.977032728873601597e-01 7.142177820205688477e-01
9.996200950747322622e-01 6.085321307182312012e-01
9.972562859541774793e-01 5.988407731056213379e-01
9.995225729579199081e-01 6.331906318664550781e-01
9.994259032479514415e-01 7.995067834854125977e-01
9.995580603623858140e-01 7.575775980949401855e-01
9.957518624546258801e-01 6.520634889602661133e-01
9.996510627063498466e-01 6.239575147628784180e-01
9.997545205468594265e-01 6.730499863624572754e-01
9.993550950088165852e-01 7.005935311317443848e-01
9.986139422192822357e-01 5.812408328056335449e-01
9.997913411771415237e-01 5.586860179901123047e-01
9.998291720553569295e-01 7.679601311683654785e-01
9.999468548044724292e-01 7.631987929344177246e-01
9.992609643111053375e-01 6.913809776306152344e-01
9.999743080718065391e-01 7.524149417877197266e-01
9.976239899633805308e-01 7.809491157531738281e-01
9.993351225060569387e-01 6.048158407211303711e-01
9.993499594625835369e-01 7.081614136695861816e-01
9.989346324344692274e-01 6.561172008514404297e-01
9.978186535065696194e-01 6.382102966308593750e-01
9.987834975309105578e-01 6.944752335548400879e-01
9.985861953049853801e-01 7.184679508209228516e-01
9.993037040434045171e-01 6.377055644989013672e-01
9.989461303704713080e-01 6.656075716018676758e-01
9.999758802207201480e-01 8.682574629783630371e-01
9.997032119726004806e-01 6.612193584442138672e-01
9.974535902322974046e-01 6.161268353462219238e-01
9.996062741178299849e-01 7.024837136268615723e-01
9.988247930650040463e-01 7.697351574897766113e-01
9.986225420197251124e-01 6.946128606796264648e-01
9.982022195489119731e-01 6.894453763961791992e-01
9.981676513798083406e-01 8.354937434196472168e-01
9.980891393390595168e-01 6.544877290725708008e-01
9.988348442819028339e-01 6.191020607948303223e-01
9.943936572740192936e-01 4.303931295871734619e-01
9.914693004276796673e-01 4.906987845897674561e-01
9.966836616963018480e-01 6.580120921134948730e-01
9.999381973417633684e-01 7.458589076995849609e-01
9.994189528152358504e-01 8.110019564628601074e-01
9.981452694260944947e-01 7.919638752937316895e-01
9.977091811067547722e-01 5.050231218338012695e-01
9.997428775932843958e-01 7.118887901306152344e-01
9.999159511140401912e-01 3.643776178359985352e-01
9.982508835652799117e-01 6.206064224243164062e-01
9.989876217068202058e-01 7.200846076011657715e-01
9.998159513810760401e-01 6.990531682968139648e-01
9.994773665171750032e-01 7.175885438919067383e-01
9.986678047215015175e-01 6.551336050033569336e-01
9.989053790826187829e-01 5.883154869079589844e-01
9.988914906807441207e-01 5.915268063545227051e-01
9.984981395460983400e-01 6.345182657241821289e-01
9.955255879626875304e-01 3.135965466499328613e-01
9.964514673295016278e-01 5.491594076156616211e-01
9.975009490638396814e-01 6.054832935333251953e-01
9.891368146568637609e-01 2.499831020832061768e-01
9.991367887201042519e-01 6.789742112159729004e-01
9.978783809388837023e-01 4.197417199611663818e-01
9.995587310425098071e-01 7.670399546623229980e-01
9.992871270639162029e-01 7.527737617492675781e-01
9.927876622470434009e-01 4.127343595027923584e-01
9.996845859191036965e-01 6.452638506889343262e-01
9.897823041267305166e-01 5.151699781417846680e-01
9.998810195074542273e-01 6.996618509292602539e-01
9.999393098829896243e-01 6.348218321800231934e-01
9.985108803837181579e-01 5.026024580001831055e-01
9.987430127155655368e-01 7.717745304107666016e-01
9.998684500488032034e-01 7.038179636001586914e-01
9.992978577335589474e-01 6.963232755661010742e-01
9.960739718225158912e-01 4.775784909725189209e-01
9.954309629993786102e-01 7.467116117477416992e-01
9.996062425191684087e-01 6.560187339782714844e-01
9.989712443466854941e-01 7.287200689315795898e-01
9.987035557594653445e-01 6.903522014617919922e-01
9.994472394905223878e-01 6.220623850822448730e-01
9.997345380034917683e-01 7.329111099243164062e-01
9.976887742233853107e-01 5.466330051422119141e-01
9.991582738976256817e-01 5.534019470214843750e-01
9.925692673729901161e-01 1.489320844411849976e-01
9.995917301698140633e-01 5.082786679267883301e-01
9.994909538029987939e-01 7.568137645721435547e-01
9.998759669574269759e-01 7.331014275550842285e-01
9.991156331497696996e-01 6.808555722236633301e-01
9.993961926540736451e-01 5.962316393852233887e-01
9.964870298731022258e-01 5.661078095436096191e-01
9.934911149433829358e-01 3.951428532600402832e-01
9.993024102379723939e-01 7.493306994438171387e-01
9.969334758800794116e-01 1.420728266239166260e-01
9.950036693306822944e-01 4.078149497509002686e-01
9.963493931243841972e-01 6.838216781616210938e-01
9.989136403607954406e-01 6.913044452667236328e-01
9.967514335078688781e-01 7.590281963348388672e-01
9.905360584247794309e-01 5.384773612022399902e-01
9.972308368862418115e-01 6.641148924827575684e-01
9.996946531327955965e-01 7.686644792556762695e-01
9.997802448167862899e-01 7.495090961456298828e-01
1.000000000000000000e+00 1.000000000000000000e+00
9.971782264536638296e-01 5.493746995925903320e-01
9.995551713450911979e-01 4.543335437774658203e-01
9.988648324968373293e-01 8.211175203323364258e-01
9.989625211705508434e-01 5.360705256462097168e-01
9.998274176282719861e-01 6.790003776550292969e-01
9.981408548973624839e-01 5.439620614051818848e-01
9.997178040154225398e-01 8.139042854309082031e-01
9.911229226208552179e-01 6.119780540466308594e-01
9.996214452647582682e-01 7.290158271789550781e-01
9.994814066096043836e-01 6.925989985466003418e-01
9.997536976280875232e-01 6.175951361656188965e-01
9.996587739460646160e-01 7.168942093849182129e-01
9.995961142273237510e-01 6.225272417068481445e-01
9.988757445223558351e-01 5.247177481651306152e-01
9.995913948149897088e-01 6.841772794723510742e-01
9.993284446124679476e-01 5.579870939254760742e-01
9.992085102187497903e-01 4.606668353080749512e-01
9.984721049802869342e-01 6.748512387275695801e-01
9.997582650443036512e-01 6.456722617149353027e-01
9.971123055931605528e-01 5.551989674568176270e-01
9.986880924022858430e-01 4.735649228096008301e-01
9.997999390676616249e-01 6.895067095756530762e-01
9.992881710670035167e-01 6.040412783622741699e-01
9.986859002046318823e-01 5.671549439430236816e-01
9.979271559587691298e-01 6.565194129943847656e-01
9.988570239837707421e-01 7.382076978683471680e-01
9.995300359637091514e-01 6.728106141090393066e-01
9.993701636408540701e-01 6.818913817405700684e-01
9.993524965680878891e-01 5.543538928031921387e-01
9.998671445513891420e-01 5.609592795372009277e-01
9.996502633479733557e-01 9.690138697624206543e-01
9.991337465549262609e-01 4.669394791126251221e-01
9.987062234046911735e-01 5.351802706718444824e-01
9.984310618350600297e-01 6.811339259147644043e-01
9.996879992633337375e-01 6.213274598121643066e-01
9.990247330060665343e-01 7.457150816917419434e-01
9.982926799836278065e-01 5.615779757499694824e-01
9.995910597584445334e-01 5.660001039505004883e-01
9.997637020728616930e-01 5.669693946838378906e-01
9.921041902100554699e-01 6.419615149497985840e-01
9.998281149856806937e-01 8.070035576820373535e-01
9.991370093107252437e-01 8.368807435035705566e-01
9.979305333387950006e-01 5.512156486511230469e-01
9.971414996850819223e-01 6.214736700057983398e-01
9.998242642417624060e-01 6.538610458374023438e-01
9.999438040343306966e-01 9.562499523162841797e-01
9.841487029188453750e-01 4.511492252349853516e-01
9.991815711408630341e-01 7.592803835868835449e-01
9.987090347641606192e-01 6.183368563652038574e-01
9.991450498833330807e-01 5.964540243148803711e-01
9.926663873886492073e-01 5.931836962699890137e-01
9.997786575513945007e-01 7.181756496429443359e-01
9.989028136874491537e-01 4.808673560619354248e-01
9.986655199146491357e-01 4.854135513305664062e-01
9.956611870949922949e-01 6.455038785934448242e-01
9.998865500853775234e-01 6.667722463607788086e-01
9.981531354418331503e-01 5.606223940849304199e-01
9.981943026558044441e-01 4.072772264480590820e-01
9.998844912863397161e-01 8.760116100311279297e-01
9.998086491677825594e-01 7.688955664634704590e-01
9.905357454608203494e-01 3.427180945873260498e-01
9.986038584593029954e-01 5.378924608230590820e-01
9.993477379610642419e-01 8.080853223800659180e-01
9.959822788110418434e-01 4.047192633152008057e-01
9.996346447356695419e-01 6.445421576499938965e-01
9.987163957954039439e-01 8.054633140563964844e-01
9.995582033514140985e-01 5.497460961341857910e-01
9.994521161689933209e-01 4.982322752475738525e-01
9.993422929603522631e-01 5.686987638473510742e-01
9.992688438689785180e-01 7.065454721450805664e-01
9.969895553944571054e-01 4.430486559867858887e-01
9.993895637195033821e-01 5.971751809120178223e-01
9.992760177893331708e-01 4.474996328353881836e-01
9.956404953209313513e-01 6.640442609786987305e-01
9.964993495593994499e-01 6.929253935813903809e-01
9.992430499556095302e-01 5.742052793502807617e-01
9.993049691513946620e-01 7.368811964988708496e-01
9.998885999615498843e-01 7.284966707229614258e-01
9.985223166863579358e-01 7.068311572074890137e-01
9.997759874977405481e-01 6.695341467857360840e-01
9.998235213667008292e-01 7.094787359237670898e-01
9.998997010214536463e-01 7.748179435729980469e-01
9.990688658234621045e-01 5.459226965904235840e-01
9.999127602459245701e-01 8.132654428482055664e-01
9.991538149893750553e-01 7.925618290901184082e-01
9.986823492059926366e-01 3.845708966255187988e-01
9.986224590100114540e-01 6.848605275154113770e-01
9.986029692095997889e-01 6.522643566131591797e-01
9.972549190513994022e-01 6.174218654632568359e-01
9.979380963729946874e-01 6.099042892456054688e-01
9.992541166703874378e-01 5.740877389907836914e-01
9.963141778986697172e-01 3.614451885223388672e-01
9.975268603757556640e-01 4.670566916465759277e-01
9.988492478199049174e-01 6.012834906578063965e-01
9.996260682715254475e-01 3.548593819141387939e-01
9.969754593031083800e-01 4.582999348640441895e-01
9.987995425256428472e-01 5.698636770248413086e-01
9.998070266083755042e-01 5.954084992408752441e-01
9.991816192310472022e-01 7.564094662666320801e-01
9.990224260147256841e-01 7.132112979888916016e-01
9.998427191159123817e-01 8.353831171989440918e-01
9.992450888151573896e-01 7.278270721435546875e-01
9.992257852096911863e-01 6.377410888671875000e-01
9.941195744697685077e-01 6.376568675041198730e-01
9.977698384159136014e-01 6.011386513710021973e-01
9.995984785043108278e-01 6.257306337356567383e-01
9.983748790496498327e-01 7.963097095489501953e-01
9.994881094296410584e-01 6.736122369766235352e-01
9.997706851812937501e-01 6.097537279129028320e-01
9.990848890557840756e-01 6.993485093116760254e-01
9.994108725817419936e-01 7.129167914390563965e-01
9.995272560092126612e-01 5.257903933525085449e-01
9.979015473632637523e-01 5.903480648994445801e-01
9.992775835308985721e-01 6.384368538856506348e-01
9.979478650680119189e-01 7.053508162498474121e-01
9.971792544685100790e-01 4.685558080673217773e-01
9.989959800146742674e-01 6.751838922500610352e-01
9.989313712615446317e-01 5.775952339172363281e-01
9.983904034986519349e-01 5.601474046707153320e-01
9.998306843839775970e-01 7.350683808326721191e-01
9.988600620563351518e-01 7.192715406417846680e-01
9.990426621314925093e-01 7.237816452980041504e-01
9.981808602219650606e-01 5.977520942687988281e-01
9.987880531903797765e-01 6.307325959205627441e-01
9.986358503209723514e-01 5.024189949035644531e-01
9.995622364508593982e-01 7.051352858543395996e-01
